8 16
2 3 16 8 4 6 12 7 8 14 7 10 14 11 3 10
11 7 12 11 7 3 7 9 2 12 3 1 6 3 8 8
4 5 11 7 2 9 16 15 3 12 16 12 11 12 12 14
9 16 7 4 8 9 13 13 15 5 6 12 6 11 16 9
11 9 13 6 10 10 7 9 16 3 7 5 12 16 10 1
14 10 2 14 1 5 11 14 11 3 16 11 6 2 9 15
8 8 16 9 3 10 8 10 14 6 8 15 10 16 7 9
7 7 11 5 12 3 7 5 7 9 14 11 4 5 13 8
4 2 4 10 6 2 3 8 8 13 16 1 16 3 5 12
2 4 9 3 12 16 16 4 11 4 3 16 2 1 5 15
11 15 12 7 3 10 16 10 15 7 15 5 4 13 9 9
8 13 12 9 6 9 5 9 6 6 8 12 9 13 4 14
9 8 4 14 15 10 7 16 3 5 9 10 3 15 2 9
13 12 8 8 5 9 10 6 3 12 6 11 6 6 10 6
13 8 2 6 6 13 2 3 3 4 13 14 5 6 11 15
8 14 12 8 10 8 9 2 2 2 5 1 8 9 1 14
