8 25
3 2 7 20 20 14 25 6 17 18 8 18 23 25 4 11 19 5 21 9 10 22 23 17 12
21 6 14 2 5 24 19 23 6 1 12 1 25 1 9 25 8 14 10 20 9 21 22 13 1
4 2 8 23 3 15 8 1 24 8 8 24 13 12 15 10 9 6 18 11 11 12 14 19 13
4 4 8 17 18 25 16 19 21 14 22 6 4 12 7 18 2 8 2 20 3 12 14 19 15
3 22 19 5 4 13 10 21 22 20 15 12 2 22 8 19 21 8 12 19 17 5 7 25 10
15 18 4 4 16 4 10 19 2 1 24 12 17 24 22 17 22 23 12 6 8 2 14 11 15
5 19 15 10 21 10 1 5 17 14 19 17 16 16 1 5 6 16 8 24 10 15 23 19 23
19 17 14 16 21 10 1 2 12 8 6 2 24 11 6 21 7 16 21 16 24 20 25 22 22
18 15 10 14 5 12 5 20 15 5 19 20 18 3 7 14 6 6 7 12 20 24 4 8 6
2 16 13 5 11 23 21 11 9 21 16 24 2 4 3 19 6 8 23 16 21 22 22 9 7
20 19 13 12 17 12 1 16 9 7 2 24 20 25 11 13 20 3 6 1 10 23 14 25 17
6 14 23 11 23 19 11 6 18 17 3 21 15 18 4 25 9 3 5 14 18 20 4 14 21
9 21 22 16 25 9 3 3 20 21 4 3 14 14 25 17 3 15 4 5 20 9 17 6 1
20 20 21 23 21 18 11 10 22 17 24 7 10 25 7 2 11 13 2 2 15 13 7 2 10
14 21 7 9 9 1 13 2 4 12 17 23 14 11 22 23 5 25 8 7 7 10 25 15 2
23 4 6 3 11 15 1 11 4 15 18 23 11 20 17 8 13 25 16 8 5 14 25 2 5
5 19 14 22 23 1 25 19 11 24 11 21 2 4 13 5 13 20 5 8 7 15 14 21 19
11 10 11 21 6 22 8 17 13 10 22 9 3 19 18 5 20 19 2 23 24 22 15 22 7
15 2 3 13 4 22 18 13 25 2 9 5 19 7 4 22 17 9 8 25 14 17 3 19 12
10 3 4 14 20 2 22 25 9 24 19 24 22 1 22 4 11 17 7 1 25 8 11 20 17
14 3 3 6 9 19 11 8 16 11 9 1 11 12 18 2 4 12 13 21 2 14 14 8 10
12 9 19 16 1 20 18 15 3 11 12 1 14 6 7 23 11 20 4 12 9 25 22 19 4
4 20 12 18 7 1 1 13 13 12 8 13 2 7 17 19 11 3 15 17 10 16 11 11 18
23 21 8 15 3 21 10 7 18 8 18 23 20 19 3 17 17 11 4 2 5 10 5 21 25
10 17 14 13 10 15 6 22 14 15 4 17 24 1 20 22 10 8 1 5 16 3 11 1 12
