8 32
17 8 17 31 23 32 29 11 30 13 20 31 5 11 9 19 1 28 13 5 10 24 17 31 4 18 21 5 32 24 32 18
7 6 18 9 12 27 20 23 17 3 24 15 17 15 21 29 9 12 9 24 10 18 18 12 25 4 23 19 24 7 2 25
4 8 21 21 25 16 25 29 6 3 28 13 10 30 31 32 5 5 15 6 2 15 21 4 1 12 23 1 23 19 13 32
7 22 10 2 28 1 6 10 27 26 12 18 23 24 29 24 18 17 3 10 2 11 25 22 29 26 8 8 8 18 25 20
15 15 32 6 11 13 17 11 30 1 28 8 14 20 28 14 16 28 21 2 9 22 23 17 13 23 23 4 20 3 13 21
14 8 20 15 24 29 20 12 23 17 29 10 6 15 22 25 8 2 2 20 16 13 10 27 13 25 26 3 7 24 5 18
18 5 4 17 24 21 32 10 21 20 21 5 26 10 1 3 8 24 25 10 8 2 22 15 22 5 25 10 26 19 3 3
3 7 32 24 12 10 18 14 17 26 30 20 13 30 10 26 13 31 20 30 11 28 23 20 11 25 22 32 8 5 8 29
5 23 12 30 9 31 4 12 6 6 32 25 7 12 12 25 23 23 28 9 17 4 25 25 3 7 18 27 11 23 28 30
16 25 9 8 30 19 9 27 18 11 4 2 3 22 2 15 28 9 29 20 30 14 22 24 29 23 13 18 21 11 15 1
6 2 31 13 5 24 16 18 17 20 22 27 5 21 1 12 8 32 29 7 26 9 30 25 20 13 28 21 26 12 30 31
7 17 9 5 16 13 3 26 6 21 19 16 6 31 1 27 4 9 26 30 23 31 2 6 19 22 3 26 12 19 20 26
9 22 22 5 15 2 11 16 7 2 24 15 32 23 22 26 20 18 12 23 15 3 2 26 32 30 16 19 23 9 22 9
10 8 6 8 18 22 17 29 19 10 26 27 6 27 9 27 11 20 4 15 6 24 13 8 14 1 9 13 7 5 17 24
3 23 26 13 20 14 2 21 23 31 3 13 32 8 29 28 10 11 2 1 21 23 8 29 32 17 32 28 28 18 31 13
6 12 7 32 18 26 9 6 19 29 20 3 21 11 22 9 12 8 18 8 23 27 22 21 14 8 13 8 29 29 3 8
14 12 19 3 2 29 9 25 18 11 29 5 10 30 13 14 8 30 31 6 23 11 9 8 32 11 18 31 24 26 2 5
30 18 16 31 4 30 28 21 8 2 22 20 31 6 16 7 5 30 21 21 14 1 19 26 9 31 13 14 20 8 8 5
30 11 10 3 23 10 5 4 10 2 13 29 22 16 2 2 2 4 5 15 19 25 4 18 31 21 5 20 25 29 26 10
20 17 2 19 10 1 21 8 20 7 26 10 15 19 20 10 31 24 24 7 15 13 8 10 20 26 21 20 9 19 10 6
5 5 4 3 15 29 4 26 25 7 14 19 22 10 18 5 20 25 15 27 2 15 7 22 21 26 3 22 24 5 12 15
1 19 23 9 2 17 32 28 9 15 32 4 9 16 30 7 15 11 20 3 32 26 4 4 1 1 26 32 26 24 23 5
7 27 13 25 12 20 22 4 1 5 10 6 4 18 2 18 21 16 20 20 6 8 24 18 29 10 1 26 17 25 28 18
25 30 5 22 31 19 2 15 21 27 10 3 23 32 20 19 15 9 28 19 23 5 16 16 31 15 21 2 2 19 9 3
15 10 18 2 3 17 1 20 5 23 5 26 13 22 27 27 14 32 25 11 4 23 2 8 13 15 12 27 18 2 30 32
21 27 27 5 28 30 9 19 10 14 30 32 28 1 18 26 23 7 22 10 9 10 28 13 19 8 15 28 22 1 32 26
32 4 32 28 24 29 16 32 17 4 31 19 4 24 19 32 31 2 10 15 2 6 32 27 8 24 6 10 8 23 14 21
8 13 17 26 30 6 8 6 3 18 24 19 15 18 32 11 32 27 9 12 18 12 10 21 27 32 15 4 21 8 21 25
31 31 19 32 10 13 11 4 12 19 18 2 9 5 29 18 18 9 4 4 18 17 1 10 20 19 17 10 20 6 25 23
18 22 22 4 11 30 13 27 26 26 28 32 7 4 11 29 1 26 9 12 21 15 13 30 21 32 29 4 22 26 2 20
29 31 27 3 23 32 22 29 5 10 26 22 20 18 24 12 29 30 16 19 2 17 14 8 14 25 12 6 20 23 25 16
8 5 14 29 1 6 26 6 26 3 4 2 16 7 32 13 26 27 31 16 9 9 21 15 25 8 29 27 28 21 32 8
