4 36
33 1 11 9 17 28 23 26 19 16 25 13 5 18 24 36 22 3 15 14 6 32 20 4 7 8 27 21 29 34 31 30 2 35 12 10
23 26 19 13 25 16 5 22 24 3 18 36 15 6 20 32 14 4 7 8 29 21 27 34 31 30 2 35 12 10 33 1 11 9 17 28
5 22 24 36 18 3 15 14 20 4 6 32 7 29 27 21 8 34 31 30 12 35 2 10 33 1 11 9 17 28 23 26 19 13 25 16
15 14 20 32 6 4 7 8 27 34 29 21 31 12 2 35 30 10 33 1 17 9 11 28 23 26 19 13 25 16 5 22 24 36 18 3
7 8 27 21 29 34 31 30 2 10 12 35 33 17 11 9 1 28 23 26 25 13 19 16 5 22 24 36 18 3 15 14 20 32 6 4
31 30 2 35 12 10 33 1 11 28 17 9 23 25 19 13 26 16 5 22 18 36 24 3 15 14 20 32 6 4 7 8 27 21 29 34
1 11 9 17 28 23 26 19 13 5 16 25 22 3 36 18 24 15 14 20 4 6 32 7 8 27 21 29 34 31 30 2 35 12 10 33
26 19 13 25 16 5 22 24 36 15 3 18 14 4 32 6 20 7 8 27 34 29 21 31 30 2 35 12 10 33 1 11 9 17 28 23
22 24 36 18 3 15 14 20 32 7 4 6 8 34 21 29 27 31 30 2 10 12 35 33 1 11 9 17 28 23 26 19 13 25 16 5
14 20 32 6 4 7 8 27 21 31 34 29 30 10 35 12 2 33 1 11 28 17 9 23 26 19 13 25 16 5 22 24 36 18 3 15
8 27 21 29 34 31 30 2 35 33 10 12 1 28 9 17 11 23 26 19 16 25 13 5 22 24 36 18 3 15 14 20 32 6 4 7
30 2 35 12 10 33 1 11 9 23 28 17 26 16 13 25 19 5 22 24 3 18 36 15 14 20 32 6 4 7 8 27 21 29 34 31
11 9 17 28 23 26 19 13 25 22 5 16 24 15 18 3 36 14 20 32 7 4 6 8 27 21 29 34 31 30 2 35 12 10 33 1
19 13 25 16 5 22 24 36 18 14 15 3 20 7 6 4 32 8 27 21 31 34 29 30 2 35 12 10 33 1 11 9 17 28 23 26
24 36 18 3 15 14 20 32 6 8 7 4 27 31 29 34 21 30 2 35 33 10 12 1 11 9 17 28 23 26 19 13 25 16 5 22
20 32 6 4 7 8 27 21 29 30 31 34 2 33 12 10 35 1 11 9 23 28 17 26 19 13 25 16 5 22 24 36 18 3 15 14
27 21 29 34 31 30 2 35 12 1 33 10 11 23 17 28 9 26 19 13 5 16 25 22 24 36 18 3 15 14 20 32 6 4 7 8
2 35 12 10 33 1 11 9 17 26 23 28 19 5 25 16 13 22 24 36 15 3 18 14 20 32 6 4 7 8 27 21 29 34 31 30
9 17 28 23 26 19 13 25 16 24 22 5 36 14 3 15 18 20 32 6 8 7 4 27 21 29 34 31 30 2 35 12 10 33 1 11
13 25 16 5 22 24 36 18 3 20 14 15 32 8 4 7 6 27 21 29 30 31 34 2 35 12 10 33 1 11 9 17 28 23 26 19
36 18 3 15 14 20 32 6 4 27 8 7 21 30 34 31 29 2 35 12 1 33 10 11 9 17 28 23 26 19 13 25 16 5 22 24
32 6 4 7 8 27 21 29 34 2 30 31 35 1 10 33 12 11 9 17 26 23 28 19 13 25 16 5 22 24 36 18 3 15 14 20
21 29 34 31 30 2 35 12 10 11 1 33 9 26 28 23 17 19 13 25 22 5 16 24 36 18 3 15 14 20 32 6 4 7 8 27
35 12 10 33 1 11 9 17 28 19 26 23 13 22 16 5 25 24 36 18 14 15 3 20 32 6 4 7 8 27 21 29 34 31 30 2
17 28 23 26 19 13 25 16 5 36 24 22 18 20 15 14 3 32 6 4 27 8 7 21 29 34 31 30 2 35 12 10 33 1 11 9
18 3 15 14 20 32 6 4 7 21 27 8 29 2 31 30 34 35 12 10 11 1 33 9 17 28 23 26 19 13 25 16 5 22 24 36
25 16 5 22 24 36 18 3 15 32 20 14 6 27 7 8 4 21 29 34 2 30 31 35 12 10 33 1 11 9 17 28 23 26 19 13
6 4 7 8 27 21 29 34 31 35 2 30 12 11 33 1 10 9 17 28 19 26 23 13 25 16 5 22 24 36 18 3 15 14 20 32
29 34 31 30 2 35 12 10 33 9 11 1 17 19 23 26 28 13 25 16 24 22 5 36 18 3 15 14 20 32 6 4 7 8 27 21
12 10 33 1 11 9 17 28 23 13 19 26 25 24 5 22 16 36 18 3 20 14 15 32 6 4 7 8 27 21 29 34 31 30 2 35
28 23 26 19 13 25 16 5 22 18 36 24 3 32 14 20 15 6 4 7 21 27 8 29 34 31 30 2 35 12 10 33 1 11 9 17
16 5 22 24 36 18 3 15 14 6 32 20 4 21 8 27 7 29 34 31 35 2 30 12 10 33 1 11 9 17 28 23 26 19 13 25
3 15 14 20 32 6 4 7 8 29 21 27 34 35 30 2 31 12 10 33 9 11 1 17 28 23 26 19 13 25 16 5 22 24 36 18
4 7 8 27 21 29 34 31 30 12 35 2 10 9 1 11 33 17 28 23 13 19 26 25 16 5 22 24 36 18 3 15 14 20 32 6
34 31 30 2 35 12 10 33 1 17 9 11 28 13 26 19 23 25 16 5 36 24 22 18 3 15 14 20 32 6 4 7 8 27 21 29
10 33 1 11 9 17 28 23 26 25 13 19 16 36 22 24 5 18 3 15 32 20 14 6 4 7 8 27 21 29 34 31 30 2 35 12