8 25
13 5 1 12 10 9 25 7 18 6 8 11 17 16 3 20 15 19 24 14 21 2 23 4 22
25 16 18 6 19 5 11 21 3 8 1 4 24 9 23 12 22 2 17 7 15 20 10 14 13
21 14 23 17 3 22 16 12 2 19 7 5 10 20 15 8 25 1 13 4 18 24 6 9 11
15 20 11 24 4 1 10 23 14 17 22 6 13 25 2 9 21 16 5 18 8 12 7 3 19
2 9 22 7 8 13 4 15 24 20 19 21 12 14 18 23 11 6 10 3 25 17 1 16 5
9 23 2 3 18 4 21 14 11 7 24 8 5 1 20 25 13 10 19 12 17 22 16 15 6
24 8 15 19 21 20 18 9 16 3 2 10 23 13 12 14 6 7 22 17 1 25 5 11 4
22 6 25 16 12 15 23 10 17 5 18 19 4 21 14 2 1 3 8 11 9 7 24 13 20
10 13 5 1 20 8 19 6 12 22 3 25 11 17 7 4 9 24 16 15 14 23 18 21 2
17 11 7 4 14 25 2 1 13 24 15 22 16 6 9 21 5 18 23 20 10 8 3 19 12
1 22 3 15 16 18 8 4 10 14 12 13 25 11 21 17 23 9 2 19 7 5 20 6 24
8 18 24 11 6 2 1 3 21 9 20 14 15 7 5 13 16 22 4 10 23 19 12 25 17
4 21 13 2 7 12 5 16 19 23 17 24 8 22 1 15 3 25 20 6 11 18 9 10 14
20 10 17 5 25 24 13 11 6 15 4 9 3 23 19 7 18 14 12 1 2 21 22 8 16
23 12 19 14 9 7 20 17 22 25 10 16 2 18 6 5 24 11 21 8 3 4 13 1 15
16 2 8 20 23 19 17 24 15 4 11 12 6 10 25 1 14 5 18 9 13 3 21 22 7
14 1 21 22 17 10 9 13 23 11 5 18 20 4 8 24 7 12 3 16 19 6 15 2 25
7 25 9 10 15 21 22 8 5 12 16 3 14 2 13 11 19 20 6 23 24 1 4 17 18
6 3 4 13 11 14 7 20 25 18 23 1 19 24 22 10 2 17 15 21 5 16 8 12 9
5 19 12 18 24 6 3 2 1 16 9 7 21 15 17 22 4 8 25 13 20 14 11 23 10
12 24 10 25 22 3 14 5 9 1 13 15 18 8 4 16 17 23 7 2 6 11 19 20 21
11 15 6 23 5 17 24 25 4 10 14 20 9 19 16 18 8 21 1 22 12 13 2 7 3
18 4 20 8 2 23 6 19 7 21 25 17 22 12 11 3 10 13 9 24 16 15 14 5 1
3 7 16 21 13 11 15 18 20 2 6 23 1 5 10 19 12 4 14 25 22 9 17 24 8
19 17 14 9 1 16 12 22 8 13 21 2 7 3 24 6 20 15 11 5 4 10 25 18 23