8 49
14 26 15 29 7 45 6 30 23 19 46 16 44 43 10 4 11 24 2 9 13 40 1 31 8 48 5 17 42 47 18 34 25 38 37 22 12 21 39 36 35 20 33 32 41 49 28 27 3
24 14 8 11 27 30 1 42 28 23 36 37 7 46 44 25 29 15 20 4 49 34 9 21 48 16 33 41 35 31 3 45 12 2 32 5 43 17 19 10 26 22 47 13 40 18 6 39 38
29 44 38 43 17 4 47 20 32 42 40 21 34 22 31 11 15 6 39 3 12 27 7 48 49 2 25 18 16 28 19 1 9 36 5 35 24 23 33 37 14 26 10 8 46 13 41 30 45
43 5 27 26 24 34 22 2 21 37 4 13 9 6 45 33 47 46 16 1 7 11 41 18 3 14 19 32 38 17 23 29 20 25 28 42 35 8 30 40 15 31 12 10 39 48 49 44 36
4 6 13 19 34 11 42 16 49 46 21 22 40 17 20 30 28 45 43 39 38 14 2 24 12 36 26 33 8 3 5 15 41 27 25 9 32 31 37 48 10 7 44 35 18 29 1 23 47
36 8 29 5 33 31 25 21 43 24 37 19 6 47 34 40 30 44 9 17 20 48 3 14 23 10 32 46 15 18 38 12 1 45 27 39 42 41 35 7 13 49 2 22 28 11 16 26 4
19 13 40 4 38 39 18 11 36 33 23 14 37 9 6 20 24 42 47 48 31 22 44 12 10 1 45 26 7 43 21 27 2 32 46 28 41 35 8 16 34 25 17 49 3 15 29 5 30
31 41 20 34 11 44 24 17 6 28 22 9 32 40 36 45 14 12 29 47 18 35 26 19 42 7 2 38 48 10 13 49 43 23 1 16 33 46 25 39 8 4 30 21 15 5 37 3 27
32 29 35 10 37 24 21 39 41 6 1 23 13 3 2 31 42 17 15 45 44 43 14 33 26 9 40 47 27 11 49 48 8 20 18 30 38 28 5 46 22 12 16 25 19 36 7 4 34
45 38 46 14 28 3 16 10 25 11 35 30 21 20 5 29 44 9 41 27 1 4 22 39 40 8 31 12 49 26 36 42 19 13 48 23 17 34 2 47 18 43 6 24 7 37 33 32 15
35 48 5 12 13 36 14 47 39 43 42 3 46 11 41 21 38 10 45 8 15 25 49 44 18 32 6 37 30 23 9 4 40 26 29 19 7 22 16 24 28 27 1 20 34 33 17 2 31
44 43 7 9 21 46 11 28 42 15 34 2 25 41 26 16 27 48 1 49 32 17 45 47 36 23 20 22 33 39 29 10 24 8 40 14 37 4 18 6 19 30 13 38 35 31 3 12 5
41 22 47 42 45 27 26 8 4 20 3 39 38 28 35 5 48 34 44 46 37 24 16 7 17 33 18 6 13 21 2 32 11 40 49 36 23 29 12 31 1 14 15 30 25 10 9 43 19
21 30 19 46 26 43 27 9 17 16 24 38 29 18 32 12 7 40 48 36 3 45 10 8 2 6 47 11 41 25 33 23 5 39 22 31 1 13 44 14 49 34 28 42 37 4 20 15 35
13 2 39 7 30 22 28 46 34 17 18 6 3 26 49 1 12 21 19 41 11 47 32 25 5 31 15 29 10 35 16 40 4 48 23 43 14 44 24 27 36 9 37 33 20 38 42 45 8
3 40 2 21 32 16 5 23 31 29 39 10 36 37 1 15 35 18 22 43 9 41 8 42 20 49 24 4 47 7 17 44 14 46 34 25 28 27 13 33 45 38 19 11 26 30 48 6 12
34 4 30 18 42 33 48 25 27 49 32 29 14 2 40 17 23 41 46 19 36 20 15 22 16 5 21 45 28 6 12 37 3 47 9 8 26 24 7 38 39 1 11 31 10 44 35 13 43
9 7 45 30 35 8 40 38 48 10 15 33 12 25 18 27 41 37 31 28 42 44 23 2 32 11 16 13 1 36 4 24 22 34 43 6 3 20 49 29 46 39 26 5 14 19 47 21 17
38 24 34 44 41 25 12 37 46 9 13 35 27 48 28 43 45 36 4 16 47 39 33 11 30 17 22 10 20 15 1 14 49 31 2 3 40 5 32 21 29 8 23 18 42 6 26 19 7
12 17 42 41 22 35 32 3 26 18 5 47 1 33 9 10 36 39 37 14 28 29 24 49 38 19 46 16 45 2 31 30 13 4 8 15 21 7 40 44 23 6 20 27 43 34 25 11 48
15 46 11 35 29 38 20 4 22 41 30 5 45 13 48 36 37 14 7 18 8 26 21 43 39 3 1 24 2 19 34 25 31 9 33 47 27 12 6 28 32 16 40 17 23 42 44 49 10
39 31 22 47 5 13 37 41 33 8 20 40 15 12 7 2 6 28 36 30 48 32 17 1 25 38 49 43 14 42 24 35 27 19 3 11 4 10 34 26 16 23 18 9 44 21 45 46 29
33 19 24 48 47 49 41 32 40 39 11 31 35 36 21 44 8 20 10 38 14 1 46 37 13 12 7 2 25 22 28 17 26 43 6 4 18 42 15 30 5 29 45 3 16 27 34 9 23
20 25 14 16 10 29 2 5 1 40 47 11 33 39 15 48 34 19 23 44 46 7 42 36 45 27 8 30 12 32 26 38 18 28 24 49 13 37 3 22 9 21 35 4 31 17 43 41 6
40 33 26 32 19 1 36 44 3 12 48 18 22 31 16 14 17 4 24 10 2 5 30 15 34 46 27 20 37 41 35 8 23 11 45 38 47 39 21 25 6 28 29 43 49 7 13 42 9
23 18 16 2 48 12 35 24 19 22 8 36 41 34 46 6 1 47 32 25 33 38 39 28 4 29 30 42 21 49 7 43 17 14 31 10 44 26 45 9 40 3 5 15 27 20 11 37 13
48 10 23 17 36 5 3 13 18 25 29 44 43 15 19 7 20 1 26 12 30 33 38 27 24 34 42 8 9 4 37 22 47 35 16 2 46 14 28 45 21 41 49 6 11 40 39 31 32
46 34 31 24 14 17 15 48 5 13 19 43 28 45 30 26 39 32 42 22 25 23 11 6 37 18 44 36 40 33 41 3 10 49 20 21 2 9 4 35 27 47 7 29 38 12 8 16 1
37 23 12 25 20 21 10 1 29 4 17 15 31 44 33 42 26 16 14 6 22 18 27 30 28 13 48 19 36 46 39 9 35 5 47 7 11 3 41 49 43 32 38 45 8 24 2 34 40
49 20 44 28 25 14 13 36 12 7 45 26 4 10 43 37 9 27 17 2 5 3 18 46 31 24 34 48 32 1 47 33 21 16 11 41 15 38 23 8 30 35 42 40 6 22 19 29 39
47 3 32 13 39 6 45 35 20 5 33 27 42 8 23 28 49 2 30 7 17 16 36 29 9 41 4 14 31 24 44 46 37 12 38 18 10 48 43 1 11 15 34 19 22 25 21 40 26
7 15 43 1 9 18 46 12 11 45 10 28 26 21 27 39 25 22 35 34 19 6 5 38 29 44 3 49 23 8 40 13 33 37 14 17 30 47 31 20 42 48 4 41 2 32 24 36 16
2 36 18 3 31 41 34 15 8 38 44 1 24 32 22 49 13 11 21 35 23 46 12 4 33 40 17 28 29 20 43 16 30 6 7 27 39 45 48 19 37 10 25 26 47 9 5 14 42
11 39 48 20 23 37 19 6 7 21 38 42 47 29 17 24 16 43 25 31 26 8 35 3 15 28 12 5 44 30 14 18 36 10 13 32 9 49 46 4 41 40 27 34 45 1 22 33 2
16 47 17 38 6 7 31 29 44 14 9 8 48 49 12 22 33 23 34 13 43 2 19 10 27 15 28 25 46 40 32 20 45 30 42 24 5 36 26 11 3 37 21 1 4 39 18 35 41
28 37 6 22 12 32 44 26 10 36 31 7 17 24 39 23 18 25 8 5 4 49 20 45 21 42 35 9 3 13 27 19 16 1 15 29 34 40 14 43 38 11 41 2 33 47 30 48 46
22 27 36 45 4 26 38 49 16 1 2 48 18 14 24 46 32 5 28 37 29 30 25 23 35 47 11 3 6 12 10 41 42 15 44 13 20 43 9 34 31 19 39 7 21 8 40 17 33
26 45 4 36 2 9 33 43 14 32 28 41 16 42 38 47 3 30 6 29 27 19 40 13 1 35 39 31 17 34 8 21 7 18 12 37 49 25 11 15 24 5 22 46 48 23 10 20 44
27 11 9 40 15 23 49 14 2 44 41 17 8 35 37 38 10 26 5 33 6 21 13 34 19 4 36 7 43 48 42 31 28 3 30 1 22 16 47 12 20 24 46 39 29 45 32 18 25
1 32 25 23 18 10 29 27 47 2 12 4 30 16 11 8 5 35 3 24 21 28 34 40 22 43 37 39 19 9 45 26 48 33 17 44 6 15 20 41 7 42 36 14 13 46 31 38 49
10 35 41 15 8 42 43 34 45 31 14 20 49 27 47 3 21 33 11 40 39 13 48 9 7 37 38 1 18 44 6 5 46 17 19 26 25 30 29 23 12 36 32 16 24 2 4 22 28
6 21 3 8 16 40 4 7 30 34 43 46 5 1 29 35 19 49 18 23 45 42 47 20 14 26 10 44 11 27 15 28 38 24 39 48 31 2 22 13 33 17 9 12 32 41 36 25 37
30 1 21 6 43 20 7 40 13 47 27 49 11 38 14 19 46 3 12 42 41 37 31 5 44 45 9 23 4 16 48 2 39 29 35 34 36 33 10 32 25 18 24 28 17 26 15 8 22
17 16 49 31 1 2 9 33 37 30 25 34 39 19 3 18 4 8 38 11 40 15 43 35 41 21 13 27 24 29 20 7 32 22 26 12 45 6 42 5 44 46 48 47 36 28 23 10 14
18 9 1 39 3 28 23 45 15 35 49 32 10 5 25 13 22 38 33 26 24 31 29 41 47 30 43 40 34 37 46 11 6 42 4 20 8 19 17 2 48 44 14 36 12 16 27 7 21
5 12 10 27 44 19 8 18 24 48 6 25 20 30 13 41 40 31 49 15 34 9 4 17 46 39 23 35 26 38 22 47 29 7 21 33 16 32 36 42 2 45 43 37 1 3 14 28 11
25 42 28 49 46 15 30 22 38 3 26 45 23 7 8 34 2 13 27 32 35 36 37 16 43 20 29 21 39 5 11 6 44 41 10 40 19 18 1 17 4 33 31 48 9 14 12 47 24
42 49 37 33 40 48 17 31 9 27 16 24 19 23 4 32 43 7 13 20 10 12 28 26 6 22 41 15 5 14 25 39 34 21 36 45 29 11 38 3 47 2 8 44 30 35 46 1 18
8 28 33 37 49 47 39 19 35 26 7 12 2 4 42 9 31 29 40 21 16 10 6 32 11 25 14 34 22 45 30 36 15 44 41 46 48 1 27 18 17 13 3 23 5 43 38 24 20