211.00 160.00 5.00 
168.00 157.00 5.00 
177.00 159.00 5.00 

254.00 195.00 11.00 
247.00 175.00 12.00 
216.00 161.00 12.00 

196.00 196.00 39.00 
247.00 172.00 43.00 
211.00 187.00 40.00 

211.00 162.00 64.00 
235.00 175.00 70.00 
163.00 137.00 63.00 

243.00 206.00 176.00 
244.00 206.00 172.00 
255.00 172.00 171.00 

319.00 271.00 461.00 
365.00 261.00 482.00 
333.00 260.00 456.00 

470.00 433.00 811.00 
527.00 442.00 925.00 
450.00 377.00 851.00 

185 159 5
239 177 12
218 185 36
203 158 66
247 195 173
339 264 467
482 418 860